0.000
0.703
1.406
2.110
2.813
3.516
4.219
4.922
5.625
6.328
7.031
7.734
8.437
9.140
9.844
10.547
11.250
11.953
12.656
13.360
14.063
14.766
15.469
16.172
16.875
17.578
18.281
18.984
19.687
20.390
21.094
21.797
22.500
23.203
23.906
24.609
25.313
26.016
26.719
27.422
28.125
28.828
29.531
30.234
30.937
31.640
32.343
33.047
33.750
34.453
35.156
35.859
36.563
37.266
37.969
38.672
39.375
40.078
40.781
41.484
42.187
42.890
43.593
44.297
45.000
45.703
46.406
47.109
47.813
48.516
49.219
49.922
50.625
51.328
52.031
52.734
53.437
54.141
54.844
55.547
56.250
56.953
57.656
58.359
59.063
59.766
60.469
61.172
61.875
62.578
63.281
63.984
64.688
65.391
66.094
66.797
67.500
68.203
68.906
69.609
70.312
71.016
71.719
72.422
73.125
73.828
74.531
75.235
75.938
76.641
77.344
78.047
78.750
79.453
80.156
80.859
81.562
82.266
82.969
83.672
84.375
85.078
85.782
86.485
87.188
87.891
88.594
89.297
90.000
90.703
91.406
92.109
92.812
93.516
94.219
94.922
95.625
96.328
97.031
97.735
98.438
99.141
99.844
100.547
101.250
101.953
102.656
103.359
104.062
104.766
105.469
106.172
106.875
107.578
108.281
108.985
109.688
110.391
111.094
111.797
112.500
113.203
113.906
114.609
115.312
116.015
116.719
117.422
118.125
118.828
119.531
120.235
120.938
121.641
122.344
123.047
123.750
124.453
125.156
125.859
126.562
127.265
127.969
128.672
129.375
130.078
130.781
131.485
132.188
132.891
133.594
134.297
135.000
135.703
136.406
137.109
137.812
138.515
139.219
139.922
140.625
141.328
142.031
142.734
143.438
144.141
144.844
145.547
146.250
146.953
147.656
148.359
149.062
149.765
150.469
151.172
151.875
152.578
153.281
153.984
154.688
155.391
156.094
156.797
157.500
158.203
158.906
159.609
160.312
161.015
161.718
162.422
163.125
163.828
164.531
165.234
165.938
166.641
167.344
168.047
168.750
169.453
170.156
170.859
171.562
172.265
172.969
173.672
174.375
175.078
175.781
176.484
177.188
177.891
178.594
179.297
180.000
180.703
181.406
182.109
182.812
183.516
184.219
184.922
185.625
186.328
187.031
187.734
188.437
189.141
189.844
190.547
191.250
191.953
192.656
193.360
194.063
194.766
195.469
196.172
196.875
197.578
198.281
198.984
199.687
200.391
201.094
201.797
202.500
203.203
203.907
204.610
205.313
206.016
206.719
207.422
208.125
208.828
209.531
210.234
210.937
211.641
212.344
213.047
213.750
214.453
215.156
215.860
216.563
217.266
217.969
218.672
219.375
220.078
220.781
221.484
222.187
222.891
223.594
224.297
225.000
225.703
226.406
227.110
227.813
228.516
229.219
229.922
230.625
231.328
232.031
232.734
233.437
234.140
234.844
235.547
236.250
236.953
237.656
238.360
239.063
239.766
240.469
241.172
241.875
242.578
243.281
243.984
244.687
245.390
246.094
246.797
247.500
248.203
248.906
249.610
250.313
251.016
251.719
252.422
253.125
253.828
254.531
255.234
255.937
256.640
257.344
258.047
258.750
259.453
260.156
260.860
261.563
262.266
262.969
263.672
264.375
265.078
265.781
266.484
267.187
267.890
268.594
269.297
270.000
270.703
271.406
272.109
272.813
273.516
274.219
274.922
275.625
276.328
277.031
277.734
278.437
279.140
279.843
280.547
281.250
281.953
282.656
283.359
284.063
284.766
285.469
286.172
286.875
287.578
288.281
288.984
289.687
290.390
291.093
291.797
292.500
293.203
293.906
294.609
295.313
296.016
296.719
297.422
298.125
298.828
299.531
300.234
300.937
301.641
302.344
303.047
303.750
304.453
305.156
305.859
306.562
307.266
307.969
308.672
309.375
310.078
310.781
311.484
312.188
312.891
313.594
314.297
315.000
315.703
316.406
317.109
317.812
318.516
319.219
319.922
320.625
321.328
322.032
322.735
323.438
324.141
324.844
325.547
326.250
326.953
327.656
328.359
329.062
329.766
330.469
331.172
331.875
332.578
333.281
333.985
334.688
335.391
336.094
336.797
337.500
338.203
338.906
339.609
340.312
341.016
341.719
342.422
343.125
343.828
344.531
345.235
345.938
346.641
347.344
348.047
348.750
349.453
350.156
350.859
351.562
352.265
352.969
353.672
354.375
355.078
355.781
356.485
357.188
357.891
358.594
359.297
