0.000
0.352
0.703
1.055
1.406
1.758
2.110
2.461
2.813
3.164
3.516
3.867
4.219
4.570
4.922
5.274
5.625
5.977
6.328
6.680
7.031
7.383
7.734
8.086
8.437
8.789
9.140
9.492
9.844
10.195
10.547
10.898
11.250
11.602
11.953
12.305
12.656
13.008
13.360
13.711
14.063
14.414
14.766
15.117
15.469
15.821
16.172
16.524
16.875
17.227
17.578
17.930
18.281
18.633
18.984
19.336
19.687
20.039
20.390
20.742
21.094
21.445
21.797
22.148
22.500
22.852
23.203
23.555
23.906
24.258
24.609
24.961
25.313
25.664
26.016
26.367
26.719
27.071
27.422
27.774
28.125
28.477
28.828
29.180
29.531
29.883
30.234
30.586
30.937
31.289
31.640
31.992
32.343
32.695
33.047
33.398
33.750
34.101
34.453
34.805
35.156
35.508
35.859
36.211
36.563
36.914
37.266
37.617
37.969
38.321
38.672
39.024
39.375
39.727
40.078
40.430
40.781
41.133
41.484
41.836
42.187
42.539
42.890
43.242
43.593
43.945
44.297
44.648
45.000
45.351
45.703
46.055
46.406
46.758
47.109
47.461
47.813
48.164
48.516
48.867
49.219
49.571
49.922
50.274
50.625
50.977
51.328
51.680
52.031
52.383
52.734
53.086
53.437
53.789
54.141
54.492
54.844
55.195
55.547
55.898
56.250
56.601
56.953
57.305
57.656
58.008
58.359
58.711
59.063
59.414
59.766
60.117
60.469
60.820
61.172
61.524
61.875
62.227
62.578
62.930
63.281
63.633
63.984
64.336
64.688
65.039
65.391
65.742
66.094
66.445
66.797
67.148
67.500
67.851
68.203
68.555
68.906
69.258
69.609
69.961
70.312
70.664
71.016
71.367
71.719
72.070
72.422
72.774
73.125
73.477
73.828
74.180
74.531
74.883
75.235
75.586
75.938
76.289
76.641
76.992
77.344
77.695
78.047
78.398
78.750
79.101
79.453
79.804
80.156
80.508
80.859
81.211
81.562
81.914
82.266
82.617
82.969
83.320
83.672
84.024
84.375
84.727
85.078
85.430
85.782
86.133
86.485
86.836
87.188
87.539
87.891
88.242
88.594
88.945
89.297
89.648
90.000
90.351
90.703
91.054
91.406
91.758
92.109
92.461
92.812
93.164
93.516
93.867
94.219
94.570
94.922
95.274
95.625
95.977
96.328
96.680
97.031
97.383
97.735
98.086
98.438
98.789
99.141
99.492
99.844
100.195
100.547
100.898
101.250
101.601
101.953
102.304
102.656
103.008
103.359
103.711
104.062
104.414
104.766
105.117
105.469
105.820
106.172
106.523
106.875
107.227
107.578
107.930
108.281
108.633
108.985
109.336
109.688
110.039
110.391
110.742
111.094
111.445
111.797
112.148
112.500
112.851
113.203
113.555
113.906
114.258
114.609
114.961
115.312
115.664
116.015
116.367
116.719
117.070
117.422
117.773
118.125
118.477
118.828
119.180
119.531
119.883
120.235
120.586
120.938
121.289
121.641
121.992
122.344
122.695
123.047
123.398
123.750
124.102
124.453
124.805
125.156
125.508
125.859
126.211
126.562
126.914
127.265
127.617
127.969
128.320
128.672
129.023
129.375
129.727
130.078
130.430
130.781
131.133
131.485
131.836
132.188
132.539
132.891
133.242
133.594
133.946
134.297
134.649
135.000
135.352
135.703
136.055
136.406
136.758
137.109
137.461
137.812
138.164
138.515
138.867
139.219
139.570
139.922
140.273
140.625
140.977
141.328
141.680
142.031
142.383
142.734
143.086
143.438
143.789
144.141
144.492
144.844
145.196
145.547
145.899
146.250
146.602
146.953
147.305
147.656
148.008
148.359
148.711
149.062
149.414
149.765
150.117
150.469
150.820
151.172
151.523
151.875
152.226
152.578
152.930
153.281
153.633
153.984
154.336
154.688
155.039
155.391
155.742
156.094
156.446
156.797
157.149
157.500
157.852
158.203
158.555
158.906
159.258
159.609
159.961
160.312
160.664
161.015
161.367
161.718
162.070
162.422
162.773
163.125
163.476
163.828
164.180
164.531
164.883
165.234
165.586
165.938
166.289
166.641
166.992
167.344
167.696
168.047
168.399
168.750
169.102
169.453
169.805
170.156
170.508
170.859
171.211
171.562
171.914
172.265
172.617
172.969
173.320
173.672
174.023
174.375
174.726
175.078
175.430
175.781
176.133
176.484
176.836
177.188
177.539
177.891
178.242
178.594
178.945
179.297
179.649
180.000
180.352
180.703
181.055
181.406
181.758
182.109
182.461
182.812
183.164
183.516
183.867
184.219
184.570
184.922
185.273
185.625
185.976
186.328
186.680
187.031
187.383
187.734
188.086
188.437
188.789
189.141
189.492
189.844
190.195
190.547
190.899
191.250
191.602
191.953
192.305
192.656
193.008
193.360
193.711
194.063
194.414
194.766
195.117
195.469
195.820
196.172
196.523
196.875
197.226
197.578
197.929
198.281
198.633
198.984
199.336
199.687
200.039
200.391
200.742
201.094
201.445
201.797
202.149
202.500
202.852
203.203
203.555
203.907
204.258
204.610
204.961
205.313
205.664
206.016
206.367
206.719
207.070
207.422
207.773
208.125
208.476
208.828
209.179
209.531
209.883
210.234
210.586
210.937
211.289
211.641
211.992
212.344
212.695
213.047
213.399
213.750
214.102
214.453
214.805
215.156
215.508
215.860
216.211
216.563
216.914
217.266
217.617
217.969
218.320
218.672
219.023
219.375
219.726
220.078
220.429
220.781
221.133
221.484
221.836
222.187
222.539
222.891
223.242
223.594
223.945
224.297
224.648
225.000
225.352
225.703
226.055
226.406
226.758
227.110
227.461
227.813
228.164
228.516
228.867
229.219
229.570
229.922
230.273
230.625
230.976
231.328
231.679
232.031
232.383
232.734
233.086
233.437
233.789
234.140
234.492
234.844
235.195
235.547
235.898
236.250
236.602
236.953
237.305
237.656
238.008
238.360
238.711
239.063
239.414
239.766
240.117
240.469
240.820
241.172
241.523
241.875
242.227
242.578
242.930
243.281
243.633
243.984
244.336
244.687
245.039
245.390
245.742
246.094
246.445
246.797
247.148
247.500
247.852
248.203
248.555
248.906
249.258
249.610
249.961
250.313
250.664
251.016
251.367
251.719
252.070
252.422
252.774
253.125
253.477
253.828
254.180
254.531
254.883
255.234
255.586
255.937
256.289
256.640
256.992
257.344
257.695
258.047
258.398
258.750
259.102
259.453
259.805
260.156
260.508
260.860
261.211
261.563
261.914
262.266
262.617
262.969
263.321
263.672
264.024
264.375
264.727
265.078
265.430
265.781
266.133
266.484
266.836
267.187
267.539
267.890
268.242
268.594
268.945
269.297
269.648
270.000
270.351
270.703
271.055
271.406
271.758
272.109
272.461
272.813
273.164
273.516
273.867
274.219
274.571
274.922
275.274
275.625
275.977
276.328
276.680
277.031
277.383
277.734
278.086
278.437
278.789
279.140
279.492
279.843
280.195
280.547
280.898
281.250
281.601
281.953
282.305
282.656
283.008
283.359
283.711
284.063
284.414
284.766
285.117
285.469
285.821
286.172
286.524
286.875
287.227
287.578
287.930
288.281
288.633
288.984
289.336
289.687
290.039
290.390
290.742
291.093
291.445
291.797
292.148
292.500
292.851
293.203
293.555
293.906
294.258
294.609
294.961
295.313
295.664
296.016
296.367
296.719
297.070
297.422
297.774
298.125
298.477
298.828
299.180
299.531
299.883
300.234
300.586
300.937
301.289
301.641
301.992
302.344
302.695
303.047
303.398
303.750
304.101
304.453
304.805
305.156
305.508
305.859
306.211
306.562
306.914
307.266
307.617
307.969
308.320
308.672
309.024
309.375
309.727
310.078
310.430
310.781
311.133
311.484
311.836
312.188
312.539
312.891
313.242
313.594
313.945
314.297
314.648
315.000
315.351
315.703
316.054
316.406
316.758
317.109
317.461
317.812
318.164
318.516
318.867
319.219
319.570
319.922
320.274
320.625
320.977
321.328
321.680
322.032
322.383
322.735
323.086
323.438
323.789
324.141
324.492
324.844
325.195
325.547
325.898
326.250
326.601
326.953
327.304
327.656
328.008
328.359
328.711
329.062
329.414
329.766
330.117
330.469
330.820
331.172
331.524
331.875
332.227
332.578
332.930
333.281
333.633
333.985
334.336
334.688
335.039
335.391
335.742
336.094
336.445
336.797
337.148
337.500
337.851
338.203
338.554
338.906
339.258
339.609
339.961
340.312
340.664
341.016
341.367
341.719
342.070
342.422
342.773
343.125
343.477
343.828
344.180
344.531
344.883
345.235
345.586
345.938
346.289
346.641
346.992
347.344
347.695
348.047
348.398
348.750
349.101
349.453
349.804
350.156
350.508
350.859
351.211
351.562
351.914
352.265
352.617
352.969
353.320
353.672
354.023
354.375
354.727
355.078
355.430
355.781
356.133
356.485
356.836
357.188
357.539
357.891
358.242
358.594
358.945
359.297
359.648
