-90.000
-89.501
-89.003
-88.504
-88.006
-87.507
-87.008
-86.510
-86.011
-85.512
-85.014
-84.515
-84.017
-83.518
-83.019
-82.521
-82.022
-81.523
-81.025
-80.526
-80.028
-79.529
-79.030
-78.532
-78.033
-77.534
-77.036
-76.537
-76.039
-75.540
-75.041
-74.543
-74.044
-73.545
-73.047
-72.548
-72.050
-71.551
-71.052
-70.554
-70.056
-69.557
-69.058
-68.560
-68.061
-67.563
-67.064
-66.565
-66.067
-65.568
-65.069
-64.571
-64.072
-63.574
-63.075
-62.576
-62.078
-61.579
-61.080
-60.582
-60.083
-59.585
-59.086
-58.587
-58.089
-57.590
-57.091
-56.593
-56.094
-55.596
-55.097
-54.598
-54.100
-53.601
-53.102
-52.604
-52.105
-51.607
-51.108
-50.609
-50.111
-49.612
-49.113
-48.615
-48.116
-47.618
-47.119
-46.620
-46.122
-45.623
-45.124
-44.626
-44.127
-43.629
-43.130
-42.631
-42.133
-41.635
-41.136
-40.637
-40.139
-39.640
-39.141
-38.643
-38.144
-37.646
-37.147
-36.648
-36.150
-35.651
-35.152
-34.654
-34.155
-33.657
-33.158
-32.659
-32.161
-31.662
-31.163
-30.665
-30.166
-29.668
-29.169
-28.670
-28.172
-27.673
-27.174
-26.676
-26.177
-25.679
-25.180
-24.681
-24.183
-23.684
-23.185
-22.687
-22.188
-21.690
-21.191
-20.692
-20.194
-19.695
-19.197
-18.698
-18.199
-17.701
-17.202
-16.703
-16.205
-15.706
-15.208
-14.709
-14.210
-13.712
-13.214
-12.715
-12.216
-11.718
-11.219
-10.720
-10.222
-9.723
-9.225
-8.726
-8.227
-7.729
-7.230
-6.731
-6.233
-5.734
-5.236
-4.737
-4.238
-3.740
-3.241
-2.742
-2.244
-1.745
-1.247
-0.748
-0.249
0.249
0.748
1.247
1.745
2.244
2.742
3.241
3.740
4.238
4.737
5.236
5.734
6.233
6.731
7.230
7.729
8.227
8.726
9.225
9.723
10.222
10.720
11.219
11.718
12.216
12.715
13.214
13.712
14.210
14.709
15.208
15.706
16.205
16.703
17.202
17.701
18.199
18.698
19.197
19.695
20.194
20.692
21.191
21.690
22.188
22.687
23.186
23.684
24.183
24.681
25.180
25.679
26.177
26.676
27.174
27.673
28.172
28.670
29.169
29.668
30.166
30.665
31.163
31.662
32.161
32.659
33.158
33.657
34.155
34.654
35.152
35.651
36.150
36.648
37.147
37.646
38.144
38.643
39.141
39.640
40.139
40.637
41.136
41.635
42.133
42.631
43.130
43.629
44.127
44.626
45.124
45.623
46.122
46.620
47.119
47.618
48.116
48.615
49.113
49.612
50.111
50.609
51.108
51.607
52.105
52.604
53.102
53.601
54.100
54.598
55.097
55.596
56.094
56.593
57.091
57.590
58.089
58.587
59.086
59.585
60.083
60.582
61.080
61.579
62.078
62.576
63.075
63.574
64.072
64.571
65.069
65.568
66.067
66.565
67.064
67.563
68.061
68.560
69.058
69.557
70.056
70.554
71.052
71.551
72.050
72.548
73.047
73.545
74.044
74.543
75.041
75.540
76.039
76.537
77.036
77.534
78.033
78.532
79.030
79.529
80.028
80.526
81.025
81.523
82.022
82.521
83.019
83.518
84.017
84.515
85.014
85.512
86.011
86.510
87.008
87.507
88.006
88.504
89.003
89.501
90.000
