-90.000
-89.750
-89.501
-89.251
-89.002
-88.752
-88.502
-88.253
-88.003
-87.753
-87.503
-87.254
-87.004
-86.754
-86.505
-86.255
-86.006
-85.756
-85.507
-85.257
-85.007
-84.757
-84.508
-84.258
-84.008
-83.758
-83.509
-83.259
-83.010
-82.760
-82.511
-82.261
-82.011
-81.762
-81.512
-81.262
-81.012
-80.763
-80.513
-80.263
-80.014
-79.764
-79.515
-79.265
-79.015
-78.766
-78.516
-78.266
-78.017
-77.767
-77.517
-77.268
-77.018
-76.768
-76.519
-76.269
-76.019
-75.770
-75.520
-75.271
-75.021
-74.771
-74.522
-74.272
-74.022
-73.772
-73.523
-73.273
-73.023
-72.774
-72.524
-72.275
-72.025
-71.776
-71.526
-71.276
-71.026
-70.777
-70.527
-70.277
-70.027
-69.778
-69.528
-69.279
-69.029
-68.780
-68.530
-68.280
-68.031
-67.781
-67.531
-67.281
-67.032
-66.782
-66.532
-66.283
-66.033
-65.784
-65.534
-65.285
-65.035
-64.785
-64.535
-64.286
-64.036
-63.786
-63.537
-63.287
-63.037
-62.788
-62.538
-62.289
-62.039
-61.789
-61.540
-61.290
-61.040
-60.791
-60.541
-60.291
-60.041
-59.792
-59.542
-59.293
-59.043
-58.793
-58.544
-58.294
-58.045
-57.795
-57.545
-57.295
-57.046
-56.796
-56.546
-56.297
-56.047
-55.797
-55.548
-55.298
-55.049
-54.799
-54.549
-54.300
-54.050
-53.800
-53.550
-53.301
-53.051
-52.801
-52.552
-52.302
-52.053
-51.803
-51.554
-51.304
-51.054
-50.804
-50.555
-50.305
-50.055
-49.806
-49.556
-49.306
-49.057
-48.807
-48.558
-48.308
-48.058
-47.809
-47.559
-47.309
-47.060
-46.810
-46.560
-46.310
-46.061
-45.811
-45.562
-45.312
-45.063
-44.813
-44.563
-44.314
-44.064
-43.814
-43.564
-43.315
-43.065
-42.815
-42.566
-42.316
-42.067
-41.817
-41.568
-41.318
-41.068
-40.818
-40.569
-40.319
-40.069
-39.819
-39.570
-39.320
-39.071
-38.821
-38.572
-38.322
-38.072
-37.823
-37.573
-37.323
-37.073
-36.824
-36.574
-36.324
-36.075
-35.825
-35.576
-35.326
-35.076
-34.827
-34.577
-34.327
-34.078
-33.828
-33.578
-33.329
-33.079
-32.829
-32.580
-32.330
-32.080
-31.831
-31.581
-31.332
-31.082
-30.832
-30.583
-30.333
-30.083
-29.833
-29.584
-29.334
-29.084
-28.835
-28.585
-28.336
-28.086
-27.837
-27.587
-27.337
-27.087
-26.838
-26.588
-26.338
-26.088
-25.839
-25.589
-25.340
-25.090
-24.841
-24.591
-24.341
-24.092
-23.842
-23.592
-23.342
-23.093
-22.843
-22.593
-22.344
-22.094
-21.845
-21.595
-21.346
-21.096
-20.846
-20.596
-20.347
-20.097
-19.847
-19.598
-19.348
-19.098
-18.849
-18.599
-18.350
-18.100
-17.850
-17.601
-17.351
-17.101
-16.852
-16.602
-16.352
-16.102
-15.853
-15.603
-15.354
-15.104
-14.855
-14.605
-14.355
-14.106
-13.856
-13.606
-13.356
-13.107
-12.857
-12.607
-12.358
-12.108
-11.859
-11.609
-11.359
-11.110
-10.860
-10.610
-10.361
-10.111
-9.861
-9.611
-9.362
-9.112
-8.863
-8.613
-8.363
-8.114
-7.864
-7.615
-7.365
-7.115
-6.865
-6.616
-6.366
-6.116
-5.867
-5.617
-5.367
-5.118
-4.868
-4.619
-4.369
-4.119
-3.870
-3.620
-3.370
-3.121
-2.871
-2.621
-2.371
-2.122
-1.872
-1.623
-1.373
-1.124
-0.874
-0.624
-0.375
-0.125
0.125
0.375
0.624
0.874
1.124
1.373
1.623
1.872
2.122
2.371
2.621
2.871
3.121
3.370
3.620
3.870
4.120
4.369
4.619
4.868
5.118
5.367
5.617
5.867
6.116
6.366
6.616
6.865
7.115
7.365
7.615
7.864
8.114
8.363
8.613
8.863
9.112
9.362
9.611
9.861
10.111
10.361
10.610
10.860
11.110
11.359
11.609
11.859
12.108
12.358
12.607
12.857
13.107
13.356
13.606
13.856
14.106
14.355
14.605
14.855
15.104
15.354
15.603
15.853
16.102
16.352
16.602
16.852
17.101
17.351
17.601
17.850
18.100
18.350
18.599
18.849
19.098
19.348
19.598
19.847
20.097
20.347
20.596
20.846
21.096
21.346
21.595
21.845
22.094
22.344
22.593
22.843
23.093
23.342
23.592
23.842
24.092
24.341
24.591
24.841
25.090
25.340
25.589
25.839
26.088
26.338
26.588
26.838
27.087
27.337
27.587
27.837
28.086
28.336
28.585
28.835
29.084
29.334
29.584
29.833
30.083
30.333
30.583
30.832
31.082
31.332
31.581
31.831
32.080
32.330
32.580
32.829
33.079
33.329
33.578
33.828
34.078
34.327
34.577
34.827
35.076
35.326
35.576
35.825
36.075
36.324
36.574
36.824
37.073
37.323
37.573
37.823
38.072
38.322
38.572
38.821
39.071
39.320
39.570
39.819
40.069
40.319
40.569
40.818
41.068
41.318
41.568
41.817
42.067
42.316
42.566
42.815
43.065
43.315
43.564
43.814
44.064
44.314
44.563
44.813
45.063
45.312
45.562
45.811
46.061
46.310
46.560
46.810
47.060
47.309
47.559
47.809
48.058
48.308
48.558
48.807
49.057
49.306
49.556
49.806
50.055
50.305
50.555
50.804
51.054
51.304
51.554
51.803
52.053
52.302
52.552
52.801
53.051
53.301
53.550
53.800
54.050
54.300
54.549
54.799
55.049
55.298
55.548
55.797
56.047
56.297
56.546
56.796
57.046
57.295
57.545
57.795
58.045
58.294
58.544
58.793
59.043
59.293
59.542
59.792
60.041
60.291
60.541
60.791
61.040
61.290
61.540
61.789
62.039
62.289
62.538
62.788
63.037
63.287
63.537
63.786
64.036
64.286
64.535
64.785
65.035
65.285
65.534
65.784
66.033
66.283
66.532
66.782
67.032
67.281
67.531
67.781
68.031
68.280
68.530
68.780
69.029
69.279
69.528
69.778
70.027
70.277
70.527
70.777
71.026
71.276
71.526
71.776
72.025
72.275
72.524
72.774
73.023
73.273
73.523
73.772
74.022
74.272
74.522
74.771
75.021
75.271
75.520
75.770
76.019
76.269
76.519
76.768
77.018
77.268
77.517
77.767
78.017
78.266
78.516
78.766
79.015
79.265
79.515
79.764
80.014
80.263
80.513
80.763
81.012
81.262
81.512
81.762
82.011
82.261
82.511
82.760
83.010
83.259
83.509
83.758
84.008
84.258
84.508
84.757
85.007
85.257
85.507
85.756
86.006
86.255
86.505
86.754
87.004
87.254
87.503
87.753
88.003
88.253
88.502
88.752
89.002
89.251
89.501
89.750
90.000
