-90.000
-89.006
-88.011
-87.017
-86.022
-85.028
-84.033
-83.039
-82.044
-81.049
-80.055
-79.061
-78.066
-77.072
-76.077
-75.083
-74.089
-73.094
-72.099
-71.105
-70.111
-69.116
-68.122
-67.127
-66.133
-65.138
-64.144
-63.149
-62.154
-61.160
-60.166
-59.171
-58.177
-57.182
-56.188
-55.194
-54.199
-53.204
-52.210
-51.216
-50.221
-49.226
-48.232
-47.238
-46.243
-45.249
-44.254
-43.259
-42.265
-41.271
-40.276
-39.282
-38.287
-37.293
-36.299
-35.304
-34.309
-33.315
-32.321
-31.326
-30.331
-29.337
-28.343
-27.348
-26.354
-25.359
-24.364
-23.370
-22.376
-21.381
-20.387
-19.392
-18.398
-17.404
-16.409
-15.414
-14.420
-13.426
-12.431
-11.436
-10.442
-9.448
-8.453
-7.459
-6.464
-5.469
-4.475
-3.481
-2.486
-1.492
-0.497
0.497
1.492
2.486
3.481
4.475
5.469
6.464
7.459
8.453
9.448
10.442
11.436
12.431
13.426
14.420
15.414
16.409
17.404
18.398
19.392
20.387
21.381
22.376
23.370
24.364
25.359
26.354
27.348
28.343
29.337
30.331
31.326
32.321
33.315
34.309
35.304
36.299
37.293
38.287
39.282
40.276
41.271
42.265
43.259
44.254
45.249
46.243
47.238
48.232
49.226
50.221
51.216
52.210
53.204
54.199
55.194
56.188
57.182
58.177
59.171
60.166
61.160
62.154
63.149
64.144
65.138
66.133
67.127
68.122
69.116
70.111
71.105
72.099
73.094
74.089
75.083
76.077
77.072
78.066
79.061
80.055
81.049
82.044
83.039
84.033
85.028
86.022
87.017
88.011
89.006
90.000
