-90.000
-88.022
-86.044
-84.066
-82.088
-80.110
-78.132
-76.154
-74.176
-72.198
-70.220
-68.242
-66.264
-64.286
-62.307
-60.330
-58.352
-56.374
-54.395
-52.418
-50.440
-48.461
-46.483
-44.506
-42.527
-40.549
-38.572
-36.594
-34.615
-32.637
-30.660
-28.681
-26.703
-24.725
-22.747
-20.769
-18.791
-16.813
-14.835
-12.857
-10.879
-8.901
-6.923
-4.945
-2.967
-0.989
0.989
2.967
4.945
6.923
8.901
10.879
12.857
14.835
16.813
18.791
20.769
22.747
24.725
26.703
28.681
30.660
32.637
34.615
36.594
38.572
40.549
42.527
44.506
46.483
48.461
50.440
52.418
54.395
56.374
58.352
60.330
62.307
64.286
66.264
68.242
70.220
72.198
74.176
76.154
78.132
80.110
82.088
84.066
86.044
88.022
90.000
