0.000
2.813
5.625
8.437
11.250
14.063
16.875
19.687
22.500
25.313
28.125
30.937
33.750
36.563
39.375
42.187
45.000
47.813
50.625
53.437
56.250
59.063
61.875
64.688
67.500
70.312
73.125
75.938
78.750
81.562
84.375
87.188
90.000
92.812
95.625
98.438
101.250
104.062
106.875
109.688
112.500
115.312
118.125
120.938
123.750
126.562
129.375
132.188
135.000
137.812
140.625
143.438
146.250
149.062
151.875
154.688
157.500
160.312
163.125
165.938
168.750
171.562
174.375
177.188
180.000
182.812
185.625
188.437
191.250
194.063
196.875
199.687
202.500
205.313
208.125
210.937
213.750
216.563
219.375
222.187
225.000
227.813
230.625
233.437
236.250
239.063
241.875
244.687
247.500
250.313
253.125
255.937
258.750
261.563
264.375
267.187
270.000
272.813
275.625
278.437
281.250
284.063
286.875
289.687
292.500
295.313
298.125
300.937
303.750
306.562
309.375
312.188
315.000
317.812
320.625
323.438
326.250
329.062
331.875
334.688
337.500
340.312
343.125
345.938
348.750
351.562
354.375
357.188
