0.000
1.406
2.813
4.219
5.625
7.031
8.437
9.844
11.250
12.656
14.063
15.469
16.875
18.281
19.687
21.094
22.500
23.906
25.313
26.719
28.125
29.531
30.937
32.343
33.750
35.156
36.563
37.969
39.375
40.781
42.187
43.593
45.000
46.406
47.813
49.219
50.625
52.031
53.437
54.844
56.250
57.656
59.063
60.469
61.875
63.281
64.688
66.094
67.500
68.906
70.312
71.719
73.125
74.531
75.938
77.344
78.750
80.156
81.562
82.969
84.375
85.782
87.188
88.594
90.000
91.406
92.812
94.219
95.625
97.031
98.438
99.844
101.250
102.656
104.062
105.469
106.875
108.281
109.688
111.094
112.500
113.906
115.312
116.719
118.125
119.531
120.938
122.344
123.750
125.156
126.562
127.969
129.375
130.781
132.188
133.594
135.000
136.406
137.812
139.219
140.625
142.031
143.438
144.844
146.250
147.656
149.062
150.469
151.875
153.281
154.688
156.094
157.500
158.906
160.312
161.718
163.125
164.531
165.938
167.344
168.750
170.156
171.562
172.969
174.375
175.781
177.188
178.594
180.000
181.406
182.812
184.219
185.625
187.031
188.437
189.844
191.250
192.656
194.063
195.469
196.875
198.281
199.687
201.094
202.500
203.907
205.313
206.719
208.125
209.531
210.937
212.344
213.750
215.156
216.563
217.969
219.375
220.781
222.187
223.594
225.000
226.406
227.813
229.219
230.625
232.031
233.437
234.844
236.250
237.656
239.063
240.469
241.875
243.281
244.687
246.094
247.500
248.906
250.313
251.719
253.125
254.531
255.937
257.344
258.750
260.156
261.563
262.969
264.375
265.781
267.187
268.594
270.000
271.406
272.813
274.219
275.625
277.031
278.437
279.843
281.250
282.656
284.063
285.469
286.875
288.281
289.687
291.093
292.500
293.906
295.313
296.719
298.125
299.531
300.937
302.344
303.750
305.156
306.562
307.969
309.375
310.781
312.188
313.594
315.000
316.406
317.812
319.219
320.625
322.032
323.438
324.844
326.250
327.656
329.062
330.469
331.875
333.281
334.688
336.094
337.500
338.906
340.312
341.719
343.125
344.531
345.938
347.344
348.750
350.156
351.562
352.969
354.375
355.781
357.188
358.594
